20.7687 35.667 4.31226 4.97606 74.8878 5.75045 34.6919 4.63277 20.9758 4.41521 75.2519 34.6499 4.87302 5.04733 5.18342 4.99618 4.86533 5.16628 5.12076 5.03642 18.9059 3.18738 5.48286 74.1784
18.0555 35.4521 5.21453 4.48002 75.3652 4.98108 35.3816 4.13212 17.9172 4.51787 74.2888 35.482 5.04163 5.24923 5.28059 5.17119 4.8694 4.93075 5.00761 5.22253 22.0368 4.48661 3.80166 74.7881
20.1933 35.0571 5.5136 5.4219 75.3942 5.94724 35.1707 4.36372 19.4981 4.81101 73.6298 34.9291 5.01261 5.18799 4.98604 5.1904 4.94619 5.08227 5.07764 5.23638 20.0041 5.00414 4.75345 74.2646
21.616 34.6981 5.0252 4.23328 75.1344 5.51212 34.9809 4.43899 21.6611 4.56193 74.7846 35.6631 4.9347 5.01999 5.06174 5.03264 5.17684 5.02802 5.08068 4.95444 18.0489 5.00141 5.08609 75.8066
19.9253 34.2335 4.50845 5.40272 74.6682 5.71486 35.0503 6.27982 19.0325 5.34557 75.0638 35.3091 4.96471 5.22548 5.20854 5.49289 4.9345 4.86047 4.83692 5.44381 19.9998 4.94332 6.18865 73.5687
21.5526 34.6328 5.0294 4.92827 74.6893 5.142 34.549 6.49562 21.5869 4.59049 74.4953 34.8749 4.87356 4.84476 5.35767 4.86184 5.02233 4.98264 5.02335 5.33405 18.4919 5.35939 5.84496 75.0145
21.2316 34.8926 4.70907 4.73575 75.2624 5.14815 35.1764 5.1217 21.2213 4.8032 75.5027 34.2514 4.82523 5.23338 5.33808 5.0483 4.86768 5.19884 5.14859 5.26254 18.5654 4.75213 4.61748 75.957
20.6717 35.1305 5.65759 5.36869 75.3102 4.4974 34.6984 5.84153 20.2364 4.92206 74.3823 35.1364 5.00007 5.12437 5.22313 5.30669 4.87963 4.81004 5.05658 5.32824 19.581 4.19764 4.73473 73.5864
19.1352 34.551 4.78344 5.44797 75.0106 4.39771 33.8802 4.73236 19.063 4.50036 74.1591 35.0554 4.97427 5.13664 5.35443 5.25915 4.9251 4.83181 4.9852 5.60301 20.7854 5.18615 4.76807 74.0656
19.3559 35.1157 4.80903 4.63682 75.038 3.20573 33.5616 4.57244 19.7177 4.2226 74.0609 34.8136 5.04382 5.25694 5.27058 5.1348 4.93763 4.80258 5.28917 4.93658 20.5607 5.91112 5.72601 75.4285
21.9213 35.0363 5.09536 5.04356 75.1222 2.87115 34.6416 5.64343 21.9922 5.02762 74.2556 34.8555 4.9517 4.92891 4.9559 4.97201 4.98291 5.03311 5.09875 5.24471 18.2481 5.35132 5.23846 74.2536
19.5463 34.8874 5.7024 5.04061 74.1553 5.41099 36.2344 4.66268 18.6955 5.05783 73.4984 34.9869 4.73185 5.22722 5.26108 4.96532 5.11069 5.09302 5.006 5.09144 21.2514 4.54696 3.85437 75.0467
19.0459 34.7395 4.72877 5.05668 74.9928 4.31904 35.4015 6.07645 19.0547 4.81059 74.667 33.8577 4.72211 5.40059 5.04567 4.84111 4.9979 5.03484 5.05051 5.13853 21.301 4.87466 4.63662 74.3635
22.5234 35.4568 5.00998 4.76407 74.7062 3.8958 34.2963 4.26328 22.4017 5.07617 73.8976 34.2297 4.97167 5.0795 5.44777 4.93458 4.98512 5.02542 5.10411 5.18241 17.3823 3.88066 6.19262 75.356
19.3141 35.0864 5.04601 5.24492 75.1398 5.64277 35.22 5.8122 19.047 6.253 74.2114 35.4125 4.89772 5.0516 5.35211 5.02346 5.04507 4.91216 5.09091 4.9706 20.3423 4.66215 4.58072 73.8923
19.7098 34.6698 4.58495 4.85656 75.0972 4.86684 35.488 4.29319 19.3936 5.03705 75.6691 35.0665 4.99939 5.11977 5.3562 4.89705 5.08734 5.08511 5.04435 4.98968 20.286 4.37443 4.51253 75.0901
20.5268 35.1956 4.26608 4.50995 75.5113 4.26326 35.6341 4.28067 20.4667 5.14704 74.435 36.3441 4.83596 5.24392 5.15621 5.16713 5.12414 4.99027 4.94305 5.02124 18.9447 4.00531 5.73868 73.5678
19.1915 34.8164 4.27196 5.29209 74.6887 3.62253 35.5885 4.72132 18.7246 5.479 74.1412 34.7595 4.74021 5.16085 5.35974 5.08006 5.30799 5.03559 5.14702 5.22894 20.657 4.92371 5.43232 74.5976
20.1979 34.4738 5.29397 5.10331 74.6944 3.86709 34.2599 5.72237 20.7201 5.36779 74.4522 34.8372 4.9582 5.06623 5.25504 5.08966 5.01202 5.11019 5.43573 5.14909 20.128 5.47473 4.55619 74.6257
19.663 34.9321 4.35509 4.3204 50.1976 75.1874 5.21529 34.27 3.69218 28.9674 20.2838 3.56169 74.8428 35.8175 104.691 4.90022 4.9358 5.1896 5.07872 -1.52859 4.74422 5.0748 5.01519 5.07986 -5.12378 19.9498 5.22578 5.6907 75.0421 16.1648
19.971 34.9978 5.76147 5.42181 48.5797 12.2243 74.6895 5.70871 34.6654 5.52466 59.5162 12.9594 19.9127 4.21973 73.7935 34.6163 -12.1599 96.0437 5.05255 4.84133 5.04754 5.2261 9.26612 -0.130616 4.89761 4.82001 5.04247 5.03688 5.19104 -2.16389 20.4181 6.76566 5.08507 74.4017 151.806 49.6415
19.1073 34.1882 5.06569 4.22948 74.8878 4.63113 34.2436 4.88383 19.6638 5.83122 75.3557 34.766 4.98363 4.89355 4.94343 4.96565 5.15145 4.96309 5.21426 5.68688 20.677 5.56762 5.24271 75.377
19.5961 35.3508 4.37712 4.42241 74.5363 4.10913 34.6454 6.09522 19.3 4.50973 74.4843 34.3387 4.8615 5.29414 5.18075 5.25795 5.06357 5.00117 5.07886 5.46116 20.8691 6.29829 6.03923 75.9381
21.5804 35.2837 5.4986 5.38442 75.6084 3.73868 35.4123 4.29915 21.6675 4.26562 73.7191 35.1854 4.87782 4.92877 5.28169 5.00783 4.88223 5.11961 5.12885 5.36625 18.7959 5.03709 4.37517 75.1466
21.4422 35.1199 5.13988 5.23563 74.6482 5.03812 33.8002 4.94795 21.0707 5.76548 74.4982 35.4947 4.99909 5.28265 4.97 5.08562 5.01824 5.22696 5.07001 5.1231 19.1082 3.04916 5.08292 73.9077
18.532 35.615 4.77026 4.73948 75.0063 5.26587 35.0479 4.90322 18.0948 2.70192 74.1178 35.7137 5.05743 4.9269 5.21422 5.28108 4.77277 4.98457 4.9592 5.35381 21.8238 5.35765 5.57448 75.7146
19.8507 35.5191 5.12606 4.59136 74.8889 4.22898 34.4631 7.13747 20.3946 4.48906 75.2786 34.1325 4.83082 4.85391 5.30239 5.0379 4.93733 4.8323 5.23589 5.08599 20.1168 4.20764 4.50768 75.0156
20.1052 34.8693 4.41178 4.26815 74.8795 3.82449 35.8446 3.75745 20.4479 5.31549 75.5959 35.7422 4.79531 4.94581 5.19263 4.93174 4.94592 4.93424 5.29011 4.8349 19.7133 5.81229 5.92398 75.2928
21.6775 34.7667 5.12809 4.75114 74.789 5.54529 34.0128 4.76802 22.1875 4.14701 74.6387 34.8525 4.90594 5.32678 5.23001 5.01325 4.9816 5.29209 4.98805 5.0521 17.812 5.94475 5.25522 74.5915
20.039 35.269 4.69306 5.61131 75.0605 4.41741 35.1756 4.39221 20.9847 3.69212 75.5469 33.8646 4.81832 5.37467 5.05333 5.15268 4.93261 4.91836 5.11476 5.21796 19.962 4.68744 4.99482 73.8988
18.6475 34.9924 4.8678 4.76558 74.945 4.55509 34.8746 4.91337 18.1628 4.75035 75.1852 33.9268 5.04056 5.01521 4.90962 5.16349 4.91918 4.86507 4.98932 5.33976 21.4392 5.02695 4.60775 76.0966
18.9953 35.1164 5.49261 4.38394 74.4678 4.79784 35.4173 5.96673 18.9608 4.51186 74.0377 35.2398 5.15056 4.89324 5.16288 4.97056 5.01185 4.89055 5.07989 5.27997 21.3271 5.06576 4.25457 75.1411
21.1364 35.0082 5.68551 4.59222 75.0517 6.15038 33.7132 5.31484 21.2206 4.12483 73.8203 35.3399 4.99647 5.13666 5.02056 5.17379 4.80059 5.03501 5.01929 4.97752 18.6255 4.9821 4.63552 75.4377
20.5901 35.4133 5.05141 5.28823 74.826 2.73726 33.8327 6.66119 20.0041 4.9068 74.4677 34.8112 4.84342 4.81636 5.01361 5.29793 4.80135 5.00484 5.28659 5.14385 19.3553 4.73572 4.20954 74.4204
21.2581 35.0189 4.89268 4.89522 75.2602 4.78485 33.7021 3.7028 20.8422 5.41587 74.1875 34.4003 4.85372 5.00326 5.10816 5.3987 5.11281 4.89339 5.40158 5.17959 19.0014 5.08879 5.82972 76.0891
20.2703 36.0497 4.9201 4.45594 11.5761 75.3753 4.57298 35.5326 4.94113 101.786 19.85 5.02642 74.9812 35.3347 -18.9357 4.7375 4.94367 5.46874 4.8673 25.002 4.99369 4.83225 5.1172 5.1122 -1.96474 19.4234 3.49425 5.37023 74.9337 70.4189
20.0783 35.7981 5.06191 5.51791 74.7317 -34.9969 74.9979 4.96706 35.7341 5.55672 -15.7078 37.8554 19.9103 5.07773 74.6155 36.2388 -7.55815 -0.727287 4.79595 5.03775 5.17045 5.08945 -0.280012 9.9033 5.02841 4.95598 4.85718 5.25252 0.755342 3.88701 19.8326 3.69601 5.42174 73.2374 -47.2665 84.1185
18.4398 34.604 4.74315 5.43668 74.9971 4.93723 34.7971 4.95975 18.7711 5.36292 75.3932 34.8762 5.04025 5.0678 5.22901 4.94632 4.98377 4.8583 5.2445 5.33524 21.3598 4.79102 4.32542 73.477
16.4735 34.9048 4.81848 5.05333 74.9585 4.88603 35.4355 5.49616 16.3287 4.76813 74.8668 35.1354 5.04293 5.13503 5.18926 5.0412 5.04621 4.77228 5.13452 5.0548 23.4202 4.54536 5.46513 73.8563
18.3948 35.0812 5.10447 4.77151 74.8774 4.68239 35.1533 4.528 19.0204 6.4703 74.5911 35.0034 4.99431 4.92884 5.1824 5.05632 4.81468 5.20078 4.95478 5.03187 21.7459 3.89161 5.61177 74.7155
20.0327 35.2297 5.02964 4.49056 74.6971 4.01647 34.7763 4.19758 19.72 4.30892 73.4026 34.6537 5.10498 4.64719 5.19278 4.8103 4.98646 4.79796 5.0169 5.19547 20.6755 4.47204 6.02649 75.2947
19.6356 34.7913 4.9016 5.16135 74.675 5.13859 36.1053 5.0461 20.3761 5.8273 74.3138 35.0524 4.75493 4.78347 5.07341 5.21623 4.84692 4.92041 5.04826 5.14195 20.0053 5.23951 5.26576 74.7484
20.2865 35.7007 5.81195 5.21835 75.3369 4.865 35.3969 4.70387 20.8611 4.58833 73.8024 34.446 5.0141 5.08392 5.11248 5.15114 5.04653 4.84465 4.99388 5.24392 19.4524 4.0292 4.1436 75.1306
18.8146 35.5115 4.98918 4.98631 74.7859 4.796 35.6425 4.05266 18.6672 4.08566 75.3409 35.8547 4.7994 5.26725 5.49277 5.0478 4.99581 5.00562 4.91659 5.07675 21.6263 5.08961 4.54923 74.0739
20.3548 35.2106 4.86253 4.55125 74.5866 3.08142 36.1346 5.20469 20.3626 3.99145 74.8111 35.0326 4.81885 5.15453 5.1426 5.09473 4.99865 4.81625 5.18106 4.86609 19.7024 5.0221 5.00513 74.1639
19.7285 35.2157 4.71741 5.16302 75.5386 3.94645 35.0476 4.76896 20.651 4.23088 72.8448 35.2659 4.82673 5.08875 4.94382 5.14332 4.72137 4.90786 5.04803 5.16831 19.9784 5.9422 5.67899 74.3476
20.3984 34.5296 4.46013 4.76128 75.1273 4.7023 35.5332 4.78009 20.9206 5.13921 74.8815 34.3574 4.77042 5.05393 5.32022 5.23824 5.00452 4.75369 5.04195 5.20811 19.2571 5.34751 4.74105 75.2039
21.0918 34.8161 4.8259 5.6502 74.5211 4.82283 33.7506 6.25869 19.9542 4.45767 73.9114 35.7916 4.84385 4.99269 5.03543 5.01382 5.02698 5.17706 5.1811 4.99331 19.2794 4.5842 6.03039 74.394
19.8918 35.1049 5.01432 5.30319 74.8738 4.81427 35.0883 3.65115 19.3816 4.31493 74.9305 34.2495 5.03973 5.11879 5.16969 5.0372 4.91188 4.91234 5.00602 5.33077 20.2389 4.52365 4.66304 74.7932
23.1344 35.2136 4.1766 5.28365 74.8942 5.86901 36.7116 4.6494 23.082 5.61091 76.3865 34.4107 4.93324 4.98877 5.17834 4.80321 5.02097 4.98189 5.18516 5.08154 16.7617 3.89643 5.48245 74.447
20.9158 34.7675 5.85164 4.86445 74.6002 3.88755 34.71 4.20013 20.041 4.91419 74.2008 35.2509 4.64361 4.94733 5.08645 5.02799 4.8168 4.9091 4.96725 5.09149 19.1294 5.37765 3.84154 75.4465
21.0503 35.3839 5.50486 4.66462 75.1305 4.32196 35.8454 4.16731 20.6851 3.95758 73.5119 34.7784 4.72978 5.03951 5.13434 4.80918 4.97707 4.74636 5.01972 5.07315 18.8145 5.28514 4.57792 75.3493
18.8111 34.7192 5.17084 5.00423 75.5584 4.60898 36.6549 5.64615 18.351 4.44336 74.4335 34.8137 4.89307 5.24999 5.19404 5.19964 5.05366 4.89495 5.20342 5.32642 21.4165 5.42971 4.15047 75.9171
19.5266 35.9856 4.4918 5.4273 75.0031 6.7973 35.2742 5.14033 19.5518 4.0154 73.4053 34.9338 4.90735 5.22451 5.0337 4.89743 4.74271 5.22079 4.90068 5.12291 20.1509 2.97315 5.78323 73.675
19.999 35.4724 4.75166 4.34511 74.7745 5.09974 35.8214 4.46663 20.3572 4.14208 73.7121 35.3865 4.98745 4.87575 5.21741 5.07191 4.83129 4.97104 4.86661 5.05596 20.3507 5.32045 5.76801 75.001
21.445 35.0857 4.98985 5.1603 75.2319 4.26546 35.0461 4.7741 21.1397 3.84978 73.7761 34.847 4.83529 4.98124 5.1098 5.06439 4.99946 4.86406 5.00291 5.17361 18.4812 4.7042 5.23175 74.433
20.5609 34.9207 4.73629 5.30279 74.9114 5.29193 33.7944 5.2538 20.789 5.4764 74.604 34.8457 4.82698 5.05898 5.27415 5.04479 4.75365 4.71414 5.03686 5.14547 19.8447 4.66342 5.52045 73.7025
20.6974 34.5384 4.79468 3.91956 74.7474 3.26161 35.7704 3.08794 20.6996 4.2689 74.3886 35.5934 4.89013 5.13379 5.14905 5.13395 5.03007 4.94092 5.16572 5.29435 19.1098 5.65306 4.87852 75.7244
20.221 34.501 4.45816 4.52446 75.1872 4.31108 36.7715 4.46568 20.2631 4.61844 73.3272 35.8151 4.9224 4.95078 5.33608 5.29916 4.80725 4.98619 5.0757 5.25874 19.9093 5.44093 5.64353 75.3605
19.0693 34.8417 4.72501 4.10525 75.6697 3.42691 34.9166 4.49899 18.5244 4.43866 75.1135 35.1891 4.95968 5.07059 5.05698 5.11497 5.03113 4.92361 5.18468 5.16196 20.7606 5.25686 5.48041 75.3945
22.0972 35.0976 5.00817 4.88128 75.2938 4.13292 36.1419 5.19065 21.7891 5.10475 74.8271 34.9319 4.95588 4.82685 5.15591 5.06678 4.91584 4.88109 5.03707 5.0734 17.8823 4.75424 4.58006 74.5018
20.7456 34.8258 4.6216 4.24204 -14.6191 21.9666 74.5354 4.34361 34.3745 5.1379 -122.372 -94.7252 20.9831 5.39809 74.944 34.8961 139.641 92.513 4.89514 5.23688 5.28537 5.30324 -3.96923 8.46448 5.0053 5.10937 4.98585 5.24305 3.50735 -5.06622 19.3044 4.83568 5.91591 75.147 10.1207 -45.4164
21.1471 35.5817 5.58523 5.23847 73.8712 4.38382 36.0089 5.45549 21.9721 4.56822 75.6091 35.3231 5.03331 4.94218 5.34623 4.97313 4.95932 4.83011 5.16843 4.98334 18.9345 4.96834 3.61095 74.0124
20.6474 36.0633 4.90429 5.04391 75.1721 5.78214 35.134 5.30691 20.8221 4.33279 74.4708 34.1274 4.95369 5.50314 5.19085 4.97303 5.02061 4.93531 5.31547 5.11891 19.5559 3.7726 5.65623 75.0706
19.6002 35.5935 4.4448 5.09737 74.8083 4.79537 34.9357 4.9434 19.3865 4.11769 75.5966 35.4044 4.94406 4.9544 5.35993 4.98847 5.05226 5.00517 5.16819 5.26052 20.1604 3.79398 5.53154 74.4071
20.5265 34.9725 5.0775 4.3622 75.8384 4.47642 33.9302 3.8816 19.7813 4.96631 75.0231 34.0492 5.05074 5.1071 5.28003 4.76502 4.84223 5.10294 4.92403 5.15403 19.6945 5.76082 4.9679 75.2253
21.1186 35.1853 4.98926 5.31193 54.6635 75.0316 4.17487 34.8988 5.5692 27.9495 21.238 4.35894 74.9412 34.502 -144.343 4.95415 4.98434 5.04907 5.19172 -15.1999 4.83428 4.94531 5.13025 5.54215 -2.01105 19.0335 4.22007 4.58186 74.2514 41.1407
20.6815 35.3595 4.96547 4.57106 75.4293 4.76131 34.2587 4.92354 20.7247 4.51328 73.9122 34.0594 4.96525 4.93793 5.15627 5.10749 4.87954 4.97734 5.25881 5.1906 19.4871 4.875 5.8811 74.8971
20.3235 34.7454 5.49661 5.029 74.5315 2.40066 35.5118 5.35297 20.4854 4.84692 75.4489 34.7533 5.04414 5.09691 5.28835 4.88799 4.98588 5.03891 4.89811 5.06745 20.1184 5.75393 3.64191 74.8848
21.5938 35.2805 5.38634 4.58453 74.7798 4.54346 34.9678 4.22675 21.5592 4.41972 74.6199 34.5891 4.62232 4.88608 5.29161 4.98639 5.0808 4.95208 5.04047 5.07724 18.4632 4.04722 4.75105 75.7555
20.8912 35.3229 4.79463 5.20141 75.2088 4.23571 34.5236 3.9056 21.9349 5.00059 75.2402 34.415 4.79831 5.14366 5.17942 5.12697 4.76225 4.79535 5.03833 5.30525 18.9743 4.15542 5.3356 75.4749
21.2178 35.0017 3.69647 4.99299 75.6256 5.08645 34.6225 5.01862 20.7773 4.67738 74.7578 34.6042 4.9766 5.2868 5.08284 5.20498 5.0576 5.0851 5.16448 5.18746 18.7605 4.24854 4.88494 73.3695
20.1567 35.1253 5.40059 5.28489 74.8613 4.63094 35.9756 4.33133 20.0763 3.71874 74.8898 34.5966 4.85663 4.98608 5.11974 5.05258 4.93814 4.85941 4.99577 5.23902 19.5587 5.58305 4.0456 75.6766
22.0061 34.9438 4.2368 5.02873 75.2055 3.81502 34.5858 4.40867 22.5256 4.71745 74.4581 34.713 4.91455 4.86142 5.26894 5.26381 4.98137 4.68812 4.8137 5.06088 17.8341 5.20941 6.35673 74.7699
20.8621 34.9338 4.82854 4.89819 75.1889 5.03151 34.1361 6.45579 19.7025 5.09387 75.7087 33.9806 4.93124 4.96753 5.14111 4.98216 4.95563 4.79852 5.04637 5.12423 19.5922 4.53248 4.52145 75.5552
19.8264 35.4359 4.69161 5.24184 75.1836 4.72154 35.5642 3.58568 20.0688 4.51702 75.507 33.9975 4.97878 4.95224 5.35299 5.17479 4.93711 5.0467 5.23145 5.4628 20.3321 4.82351 5.01524 74.2469
19.0275 35.2536 5.29365 5.05096 75.409 5.32605 34.8095 5.24122 19.2098 4.56725 74.9473 33.352 4.94231 5.16947 4.95935 5.13716 5.0666 4.73243 5.14694 5.01968 20.3749 3.88445 4.39357 75.8772
20.3737 35.4124 5.07203 4.79972 75.0819 4.53229 34.9207 5.2438 20.4637 4.31367 74.426 35.4869 4.88806 5.23538 4.94956 5.03897 5.01683 4.96972 5.17231 4.88243 19.285 4.02694 4.30417 74.2212
20.3098 35.027 5.33257 4.3929 74.6914 4.5015 35.4645 4.41587 20.1593 4.72444 74.8078 34.3219 4.68856 5.1057 5.37844 5.19023 4.94338 4.95493 4.83981 5.51084 19.8423 4.9337 4.1249 75.3639
20.0445 34.9598 4.87781 4.55425 75.3737 5.92579 34.2236 5.33482 20.117 4.91165 74.6995 35.7044 4.9274 5.21475 5.01968 4.98236 5.03457 4.90166 5.18239 5.00324 19.9735 3.75406 6.33065 75.4628
20.4882 35.2105 4.95065 5.40767 74.7368 5.87629 35.5855 5.66075 20.4072 5.26351 74.1814 35.984 4.8444 4.97603 5.08383 5.05377 5.02097 4.91546 4.99435 5.2424 19.4472 3.39743 4.84201 73.2482
19.5901 34.7856 4.52925 4.75195 75.0431 5.45068 35.2948 3.99368 19.3583 5.32718 74.4105 35.298 4.9473 5.16981 5.01919 4.86918 4.98829 4.95127 5.28634 5.19249 20.6548 4.59361 5.08777 74.6833
18.584 34.7937 5.07391 5.31977 74.9286 6.00807 34.3558 4.45796 18.573 5.52105 74.9692 35.3658 4.86602 5.02581 5.43322 4.91613 5.05137 4.81786 5.19801 4.98508 21.328 4.38508 4.83644 74.302
19.2565 34.8751 5.47173 4.71383 74.7692 3.90382 36.3642 5.74077 19.3808 3.70106 74.6847 34.8646 4.87219 4.93696 5.43625 5.56999 4.92495 4.80263 5.00334 5.16145 20.5701 5.25577 3.81835 74.1263
20.7324 34.7813 5.52788 4.59435 74.7725 4.91722 35.5961 4.16345 20.1371 5.36387 74.4261 35.7724 4.83612 5.08772 5.06593 5.24432 4.85884 4.85279 5.39453 5.32825 19.5737 4.86325 4.65662 75.1682
20.5465 35.5728 4.55597 5.5596 74.7673 4.67525 35.5077 4.44858 20.8807 3.55907 74.8327 35.5568 5.19661 4.92539 5.27631 5.12216 4.79086 4.69947 4.92654 5.05717 19.6979 3.9999 5.5596 74.0385
21.9942 35.1402 3.68412 5.24831 74.4462 5.66293 35.2155 5.25109 21.7584 5.94411 74.1025 34.9612 4.96848 4.89818 5.11511 4.80609 5.03263 5.10568 5.12431 5.31689 17.9445 4.16738 6.49049 74.2505
20.8684 35.2366 4.60458 4.80341 75.0114 5.22997 35.9104 5.49384 20.956 3.96006 75.0929 33.7509 4.83623 5.09775 5.00654 5.04451 4.87255 5.1051 5.01707 5.1395 19.2602 4.68512 4.62596 75.2014
19.8705 35.1359 5.92531 5.1555 75.399 3.84423 35.2113 5.01569 19.8382 4.32155 75.1348 35.1578 4.89903 5.24446 5.20976 5.2643 4.94873 5.01008 5.61471 5.20145 19.5758 5.07478 2.98728 74.5188
20.2637 35.8238 5.09653 5.25614 75.0507 5.74816 35.0401 4.67297 20.6055 5.16389 73.6181 34.2909 4.82282 4.87569 5.12478 5.05907 4.91383 5.03572 4.83946 4.94229 19.2754 4.60166 5.00297 75.3971
18.0549 35.0578 4.61619 5.07084 75.2261 4.47267 35.1124 6.05059 18.2972 4.27972 75.0513 35.12 5.00939 5.11695 5.15312 4.82481 5.05301 4.89776 5.06917 5.28672 21.6647 5.01478 5.23933 74.6401
21.882 35.246 5.5975 5.29529 75.4348 3.64701 34.6337 3.85846 21.1568 4.1703 74.2976 34.2725 5.00674 5.10169 5.23012 5.04489 5.09982 5.11859 4.95732 5.02663 17.8592 4.59103 4.62306 74.6986
20.6997 34.98 4.78326 6.01306 75.4628 3.60802 34.0925 3.60106 20.6292 3.44717 73.6695 33.3505 4.82741 4.9547 5.32485 5.20669 4.96623 4.82866 4.85708 5.04084 19.2891 6.43438 5.33043 74.2701
19.5042 34.3006 5.55601 4.01871 75.0946 4.87947 33.9304 4.74179 19.1167 6.13708 74.0168 35.2167 4.97577 5.23717 5.24274 5.31324 5.00644 5.09237 5.01902 5.30732 20.6178 4.46795 5.3742 76.759
21.2491 34.3316 4.113 4.53705 75.6701 3.87381 34.9999 5.12849 21.3462 4.73339 74.6216 35.9507 4.87871 4.95657 5.00193 5.03112 5.07975 4.73451 5.22363 5.17864 18.6625 6.13133 5.86457 74.0809
18.2253 35.0239 4.99708 4.8822 75.0219 6.45637 35.1918 4.80376 18.3574 6.12729 75.5211 35.1741 4.97104 5.00485 5.25607 4.82143 4.80727 4.92433 5.12919 5.07625 21.8501 4.16501 5.09247 75.4421
19.0129 35.0066 5.55527 5.36024 75.5953 4.81115 34.4775 3.7137 18.7625 3.9907 74.2649 34.2809 4.85484 5.16338 5.03994 5.20651 4.91385 4.92258 5.13904 5.17468 20.6466 5.00245 4.77597 74.7302
19.2975 34.8391 5.21349 4.83537 74.4329 4.81756 35.5057 4.93261 19.3542 4.34109 74.6818 35.6608 5.1582 4.76059 5.13649 4.85694 4.98505 4.90184 5.0122 4.88511 20.6276 4.948 3.71114 74.459
20.685 34.6823 5.37805 5.34848 75.0627 2.79302 34.7112 6.20508 20.7519 5.42253 73.7022 34.8944 4.82285 5.16151 5.15508 4.91276 4.95448 4.65301 4.94042 5.10779 19.3299 4.97085 4.08059 74.0896
20.1181 34.9098 5.45138 4.96498 73.8663 4.80076 34.7189 6.38907 20.0774 5.76043 74.835 34.0084 5.10918 4.96779 5.38233 5.13074 4.83935 4.98654 5.11955 5.04317 20.3641 5.53809 4.03228 74.9765
