3.35972
6.06282
13.2888
10.8854
10.6363
12.4373
9.49461
34.6589
11.9991
7.15826
7.15826
10.7319
10.1904
10.1904
10.1904
10.0996
4.39822
4.39822
2.99482
2.99482
1.46619
1.46619
4.34594
9.52172
9.52172
25.4866
18.2686
18.2686
27.6653
6.27554
4.31817
3.41535
2.32632
2.09156
2.52204
1.3069
1.19956
1.93366
1.93366
9.18358
9.18358
9.18358
9.18358
8.58109
7.8121
7.8121
7.8121
7.8121
5.40769
5.40769
3.38204
7.05051
14.8416
4.18839
4.18839
2.96817
3.6472
4.5948
8.37721
8.37721
4.61256
3.23692
1.97811
1.81255
1.81255
1.81255
2.43077
3.85183
3.85183
3.85183
5.2303
5.2303
3.68039
6.73349
6.73349
6.73349
11.3822
13.5757
9.1867
9.1867
12.0031
5.22966
2.08429
1.76641
2.23673
2.23673
2.92086
15.2031
8.3234
8.3234
15.8715
13.2986
19.6365
26.8026
2.63781
7.86026
7.86026
29.9227
29.9227
29.9227
