500
6
var1
var2
var3
var4
var5
var6
3.537604 35.72081 72.75518 5.190127 3.296773 4.947036
5.846726 32.66904 73.89213 6.296983 5.598167 7.604157
5.445254 35.43178 75.31122 6.531676 6.325055 4.25216
4.517362 34.90382 74.24203 4.898474 6.454273 3.318536
4.635854 33.33351 74.51176 6.110307 5.884297 8.327363
4.856763 35.93424 72.74442 3.939521 4.083353 4.839585
7.049134 32.72441 75.08416 5.015073 7.478716 3.046016
5.795183 36.42458 73.22302 4.412013 5.869079 5.265111
4.772936 35.23707 75.49615 6.186022 6.202181 3.25348
5.719957 34.12985 75.59223 3.353354 5.895393 5.243984
5.672239 34.97142 74.99188 6.947776 4.023501 5.542735
3.114284 35.95167 76.41156 5.672242 4.186777 3.1987
6.482331 35.81146 76.91527 4.441542 6.780784 4.401658
4.947459 32.83898 73.8815 6.80676 5.439177 4.931314
4.543033 36.78619 74.52683 7.355281 3.551633 6.684074
4.256189 34.69615 74.74177 2.873944 6.128844 3.978891
2.644013 36.71958 71.71284 5.735042 3.76883 5.183913
5.042346 36.42211 74.25763 5.249913 5.408004 5.780717
6.175645 33.98463 75.44928 6.906644 3.988308 5.183633
6.588667 36.56053 72.75363 4.552842 3.874783 6.582693
4.490919 36.13061 74.85488 7.311824 4.559639 5.120603
6.473437 33.98259 73.97549 2.157711 4.075071 4.048242
3.975668 35.88254 71.61941 6.563433 7.962292 6.460179
4.579339 35.51827 78.24526 4.413676 5.073206 1.927678
1.703558 34.59278 75.82455 4.759358 3.67729 3.089385
5.717428 34.34722 75.58208 3.758145 4.088886 5.276506
4.285756 35.00821 75.30523 6.03016 6.09787 4.67203
6.285679 36.24973 73.78827 4.452493 3.415546 -0.08368027
5.93153 36.28513 75.10544 3.599079 5.059893 5.713873
6.10691 36.24427 74.74248 4.481499 5.872422 6.197524
2.751095 35.31171 75.48658 4.296663 5.342888 5.605223
5.090946 33.4853 75.35817 5.799137 6.807022 4.102434
5.085351 35.19963 72.84081 5.9171 5.511873 4.861632
6.364799 33.62929 73.35473 5.241041 5.317795 5.832398
3.824911 34.00489 76.39558 3.604751 5.31151 2.933986
4.242198 34.58334 75.62897 5.911923 5.771421 3.818863
4.598948 36.27649 75.55805 4.625751 4.302184 6.617911
5.16785 35.25362 75.27753 7.907451 5.336938 7.275139
6.393352 34.99536 75.64168 6.057528 4.033598 3.914672
2.491231 35.9201 73.4954 4.137765 4.289753 5.290817
6.062716 33.6994 73.77002 5.265513 6.484776 7.011003
4.816983 35.07702 74.12697 4.688205 4.165194 6.423632
5.437929 36.2587 73.35718 5.31305 2.937188 5.168483
4.307051 34.37298 72.84673 4.611336 5.419897 4.706426
4.540284 34.94284 72.57198 1.895166 5.856587 3.842843
5.098546 36.91628 76.09019 3.585282 6.182023 4.492673
6.276914 33.59971 76.4452 3.342802 7.161833 3.776866
5.857783 34.59071 74.79113 6.683465 4.379232 5.664901
5.440031 33.23614 76.27388 3.75472 4.668544 5.505105
4.00615 35.7295 75.9638 4.750187 4.798424 5.50092
4.625556 33.06152 72.14014 6.405373 5.356558 4.645849
4.919637 31.86938 77.36809 8.366207 4.532552 4.22686
4.795796 36.50594 76.06201 6.080108 3.575681 5.215179
6.72763 36.68091 75.34406 3.532578 2.653937 4.29098
6.544973 35.85528 75.1045 5.063992 4.404002 6.695458
6.07982 33.69306 73.16217 3.887256 5.015877 5.176579
4.091563 36.17664 74.77422 6.362468 5.304057 5.610094
6.29985 36.8305 74.72649 3.579254 3.646998 4.465263
6.281753 35.46762 76.87009 4.122094 3.00693 7.575833
5.764591 35.01161 73.8189 4.831597 3.241144 3.337031
2.047213 37.55834 71.74106 4.772923 6.192036 3.880245
4.29875 33.34162 73.8895 4.319973 6.005912 5.206242
3.587046 35.21164 75.21324 5.552584 1.892831 6.149521
4.566695 37.16678 76.39462 4.408559 6.508903 4.201126
5.757958 33.22956 73.52657 6.871263 5.111766 5.011596
4.632443 33.58306 74.21601 2.689099 6.313536 2.911406
4.643235 34.8161 72.87819 6.701424 5.428917 6.09001
6.215941 33.2407 76.72349 6.235662 5.255165 1.971968
5.728935 37.44416 73.28537 4.117343 4.369128 6.217444
3.247356 35.42 74.69845 4.639563 6.83551 4.371524
5.098097 35.59457 74.81486 6.509639 6.055825 3.775515
5.631788 37.14184 76.23336 6.957381 6.800279 8.16275
6.933941 36.93231 74.72975 5.248997 2.953901 7.819664
3.380498 34.9391 75.77454 5.891203 3.547735 5.105376
7.552611 34.31703 74.53052 7.606336 3.562912 4.107855
2.247264 35.64024 73.83376 6.519905 5.688318 4.186645
3.936951 35.5305 75.17434 8.497162 4.890023 4.952013
3.084801 35.45309 75.6644 6.654312 5.334389 4.430148
6.003524 34.4505 73.32841 3.019657 6.722132 6.257235
5.28069 33.37494 76.86217 2.867981 5.05351 6.459971
4.67186 34.10951 75.7282 6.595665 2.164097 3.98502
8.397039 33.98163 73.33771 2.922663 3.460211 6.345086
4.478436 34.10525 74.16529 4.181954 6.225227 2.20403
6.338529 35.35213 74.88012 4.18158 4.773165 6.221791
3.076842 34.28127 75.62969 7.034125 3.500109 4.018671
4.574205 34.65874 75.47747 5.47358 5.250951 6.399044
2.90067 32.47375 78.18847 4.494317 5.295379 7.913486
4.803188 35.96748 73.72176 2.318952 5.748498 3.277017
3.994879 34.48266 72.06483 4.510576 1.627165 6.459147
4.809921 34.65779 74.2525 6.641815 5.711615 3.656896
4.492883 35.72751 74.92074 6.734038 7.817341 5.962595
3.18358 36.44823 75.4606 4.491164 6.270576 3.249265
4.007187 36.63883 74.49567 5.91231 5.650287 3.683164
8.417681 34.78486 73.58455 5.819398 4.164918 3.91748
4.952214 34.9188 76.20042 7.224465 4.833558 4.034455
4.5013 34.56913 74.83324 6.055341 5.079673 7.012575
3.654628 35.17541 75.02776 5.224865 6.401568 4.195793
4.443452 34.9069 73.35856 4.341284 7.730292 5.271768
1.714723 31.31027 75.27489 6.969989 4.043604 5.136043
4.585228 35.52396 74.91028 4.447165 5.366038 7.343311
34.28271 5.41307 5.927879 5.228605 4.571992 3.587457
34.91514 5.152441 5.750164 5.069494 3.542609 4.093077
32.40662 7.747911 3.534919 3.039917 1.91624 3.439841
36.28203 5.351462 6.247804 4.825929 4.877655 6.335773
33.47897 6.199384 6.485095 3.088083 3.325005 2.572367
34.54542 7.703302 4.610996 4.685034 6.319089 4.743643
37.13556 6.476877 3.303447 3.924393 7.306196 4.015773
33.89262 5.637783 3.940709 3.924871 4.522402 4.795311
35.84899 2.607638 4.313836 7.087936 5.753009 4.543312
34.40634 5.982794 6.48441 3.981002 5.53946 4.11738
36.2344 3.28888 5.855405 5.545479 4.913344 3.659253
37.08253 3.912808 4.57712 4.662869 3.815389 6.783226
37.31626 5.490541 5.626693 5.16741 4.973082 5.565306
33.85793 5.3751 3.788932 5.477611 3.605328 2.918678
33.19649 6.043828 3.942789 5.337611 3.549675 5.084222
35.25046 3.955884 4.147055 2.906707 4.652203 6.351929
35.48959 4.013305 2.83708 3.736006 4.087547 4.886519
33.81066 4.288256 3.587625 5.338125 5.369984 3.578733
35.11722 7.473677 3.193952 4.666455 6.789552 4.67778
32.87194 3.727419 6.816243 6.161105 5.281498 3.69628
35.25265 3.710473 6.56741 3.341946 4.12775 4.433467
37.15338 4.785553 5.299174 4.999671 2.231597 5.23715
34.82621 7.106207 7.081715 5.758459 3.012088 5.204976
33.60136 2.698902 5.124418 6.959533 5.708079 6.611322
34.04337 5.354733 5.749812 5.683517 5.528424 5.255434
37.17961 6.269489 2.92725 6.226021 5.90104 4.344993
34.07102 1.211522 4.032681 7.57735 4.489954 5.458363
35.78966 1.553821 3.922431 4.376844 6.987729 7.219636
35.62397 4.928332 4.609953 5.114676 3.931257 2.476027
35.76063 6.003892 2.716274 3.619805 6.707784 3.357084
36.09846 4.478818 2.951574 6.301851 4.791919 5.046907
33.31687 2.193064 2.478137 5.534605 5.25763 3.183153
31.79092 4.416144 5.866646 3.358043 5.810435 2.116422
36.17223 5.90194 7.006993 5.125292 5.36386 6.439161
35.77776 4.329957 6.220918 4.962115 6.254967 1.817902
34.20918 6.144405 2.9031 6.016305 7.793798 3.431456
34.70857 3.502403 2.70912 5.484836 1.888024 5.75173
34.96344 3.414863 4.791676 5.495489 6.798678 4.560212
34.84254 4.499473 1.689712 3.963993 3.152208 4.081826
35.60748 4.089227 6.015004 3.846175 3.579285 6.275728
37.31051 5.445965 1.820826 8.85266 5.563268 5.883614
36.55754 5.203379 4.123111 3.828922 5.789279 3.790013
34.69766 3.87938 2.975224 2.461526 3.604538 4.32633
38.39689 3.141165 5.691345 4.281562 6.551278 6.541899
33.51205 3.385656 5.665919 3.189762 5.408084 3.437324
35.81632 4.070955 3.350605 3.520624 7.536416 5.733098
35.53803 4.063241 5.767214 6.137943 5.571842 4.011575
34.81956 4.612057 3.137834 6.827476 6.227458 4.502598
35.22947 4.112617 4.655842 5.993215 4.921955 5.765199
34.85068 5.94289 5.219651 4.710873 4.145281 5.395771
36.52347 5.175082 4.725493 4.041339 5.088161 5.551576
35.19958 4.250515 2.901846 4.562657 5.422025 6.076133
37.27227 5.652248 5.176223 1.099631 6.761915 3.358448
34.04695 4.717806 6.253175 6.688242 2.766015 3.228087
35.07234 4.878783 3.251075 8.652286 5.782788 3.935916
35.47863 3.757858 5.539385 4.654791 2.852033 5.237434
36.54578 3.955428 6.224362 4.619402 5.977637 4.717342
33.31425 3.116206 3.361978 7.034999 3.238459 5.454563
33.7274 5.454285 6.789404 3.10282 5.713058 4.571025
35.85817 4.948115 5.296242 5.55255 3.266652 6.70885
33.13177 5.852564 4.127872 4.646093 4.790442 3.131498
33.89285 6.341036 5.264991 5.286323 4.039825 4.439673
33.45909 4.825139 5.290415 3.732005 4.076681 7.082518
36.65924 5.761997 6.422364 2.984051 5.191045 5.542573
34.09829 5.421257 5.030091 6.236291 3.60033 1.573974
33.6982 5.873511 5.307207 5.512855 4.70759 3.331363
35.06971 3.651998 5.647927 3.878557 5.350524 5.221
35.06794 4.034748 1.52946 4.340302 4.749811 5.320232
35.20829 1.005641 4.494661 4.490175 2.19174 5.195103
34.5374 3.714686 4.889198 8.081044 5.25938 6.47217
36.91136 3.089106 2.659147 4.433845 3.552561 4.101445
36.49825 6.456497 3.715539 4.679665 4.68682 7.247634
34.45724 4.773853 3.349952 7.56387 6.801376 3.175463
34.38424 6.690789 7.404247 8.165165 3.453199 4.939306
33.86713 4.917678 4.843447 5.832836 3.997243 7.27015
35.67531 5.561903 4.899185 5.671339 4.488012 4.939489
34.40272 4.777456 3.836226 3.139024 4.328571 6.777212
34.03622 4.043299 1.973887 4.81872 3.687464 7.011406
34.78085 6.115985 4.602697 6.269082 5.506783 3.961601
36.55703 5.82975 6.043699 5.819535 6.588055 6.138255
34.96026 2.846172 6.127876 5.125645 4.658718 5.582214
31.35325 5.113453 2.83044 4.632691 6.586524 5.860668
35.55685 5.509865 7.02649 7.300144 6.663726 6.062786
37.42643 3.585383 3.083677 6.817214 4.699271 3.520569
35.40932 4.411909 3.763853 2.715346 5.055407 3.880687
33.78442 5.029174 6.641213 5.820969 4.17 5.603355
33.61686 3.673819 4.790997 5.677116 4.580647 6.404132
33.2229 3.783449 3.402072 3.223165 4.478974 4.843989
33.54593 5.259809 3.797151 6.79716 3.753084 6.136241
35.14691 5.405927 4.784411 6.021477 3.125936 2.842535
35.52597 4.431763 5.177629 4.994147 7.481862 5.387818
37.04026 6.58911 4.886558 4.398501 6.192148 6.299136
34.3311 6.293168 3.142928 4.845724 3.6842 4.78559
33.80354 3.895055 6.009842 5.438884 4.792226 2.40572
34.40563 7.298526 5.635122 3.940439 7.139257 5.265181
34.91164 3.777167 7.111467 4.318303 7.163139 4.884486
33.65356 3.744659 6.865935 4.976558 4.647138 4.950451
36.84513 5.06434 3.290069 4.231313 3.933967 4.492094
36.24183 9.591956 5.701158 4.621599 5.98458 5.965536
35.71693 6.643609 5.659767 7.255432 7.131084 2.943654
4.307947 75.80388 4.80099 3.708056 3.374021 35.30818
7.701701 74.83271 6.153564 2.677252 4.263985 34.94627
5.53954 75.48755 5.928301 3.825862 4.568608 35.64294
4.994541 76.91544 5.809854 4.98302 4.9484 33.84818
7.134812 74.69556 5.233328 6.770238 5.067842 34.50602
5.469626 73.54148 4.212629 5.693521 6.593136 34.60775
4.477002 75.22232 5.933836 3.78212 2.488523 36.1248
5.750081 75.3697 4.714774 5.445305 5.543221 34.51392
4.704308 73.19723 2.423289 5.337177 6.172451 35.71283
5.315106 75.92986 4.619647 4.985311 2.913978 34.6743
2.283131 75.37333 5.421955 4.480136 6.119718 34.48906
4.935763 73.47128 6.69622 6.51831 5.455745 31.66369
5.20405 74.535 4.322111 4.502673 5.86459 35.07126
4.863147 73.40014 3.301951 7.686744 3.612023 34.59776
5.40321 74.65714 5.94387 5.720244 4.295747 35.1537
6.425021 74.33133 4.999374 3.728573 5.388504 34.27892
4.616168 76.88628 4.857513 3.66331 4.258349 34.35651
3.822697 76.23982 3.796274 4.768231 4.621109 35.97715
5.402272 72.6857 6.877526 7.309363 4.059086 35.12992
5.036433 73.70518 5.661524 2.91527 4.960754 35.65053
4.924397 75.83171 4.410873 5.54974 4.78171 37.14596
3.886478 76.80086 1.92345 4.636765 5.742733 36.19425
3.741904 73.85765 4.222536 6.863773 4.38275 33.44841
4.944052 76.30877 5.989936 3.699052 7.511346 33.1464
6.621227 74.04032 5.048683 4.944584 4.995328 35.93326
5.031104 76.26183 6.240206 4.017378 5.034692 35.69488
4.619749 75.39606 5.46468 4.996473 6.610923 34.1995
4.149407 76.64932 4.836934 4.465818 4.535992 34.26396
4.820952 74.76997 4.189796 2.474807 4.145422 37.37852
5.071361 75.60138 3.955087 4.984073 0.4435582 36.95729
6.326813 76.99786 3.703993 6.672246 5.815581 35.25385
5.995979 74.83998 4.137884 8.071049 6.208936 36.03119
2.183764 74.52564 3.84327 2.647094 3.871832 34.54769
4.060774 77.49643 7.492261 3.754717 6.276497 33.95142
1.955306 74.02015 3.402135 5.386227 7.816718 35.1748
4.334942 75.42036 8.499012 7.272569 4.734491 36.32364
6.679292 74.05677 2.508891 5.789682 5.033368 36.79396
6.129953 75.0044 7.213403 5.824114 6.921166 35.5786
5.265883 76.16444 4.248026 3.726652 4.854133 35.49535
6.341099 76.30672 5.311256 2.946903 6.083211 34.12407
4.943117 77.04101 2.059902 4.950452 8.319864 34.37961
4.697658 75.84529 5.211346 4.436414 5.648961 34.10557
4.957523 73.60004 5.008311 2.591807 4.385435 38.28607
4.744339 76.8124 5.168422 4.518887 5.302489 35.3046
4.826579 74.31725 6.524584 5.182551 5.762665 30.32569
4.850559 74.85699 5.759004 1.325865 6.134635 38.87526
6.596468 75.78434 2.62986 4.048657 5.045806 35.66391
4.652453 75.12235 3.821169 5.743676 7.196171 37.86261
6.606727 75.13106 6.316207 5.128888 5.450592 33.22114
4.226878 72.7394 5.548403 5.931435 5.181603 36.16458
2.611235 73.81436 5.512611 5.233322 3.589255 34.79972
3.577594 74.86767 3.655416 4.853917 4.339066 33.57735
5.645066 74.94729 4.746204 4.093811 6.054076 32.23999
2.88614 76.1575 4.369448 3.464057 4.67655 36.19764
3.951462 76.89741 4.774407 4.372212 5.556181 34.71072
4.077787 75.4485 4.505973 4.580049 2.91385 33.3721
6.161988 73.98097 2.881436 6.453798 5.952952 35.69111
5.194633 75.20465 5.63827 5.716121 4.230762 34.31374
4.694094 73.19827 5.537211 5.599971 4.273865 34.6512
5.212369 75.78204 5.099637 7.338462 2.453078 35.02091
4.76919 74.7821 5.524975 4.515578 5.46481 33.5914
6.562554 75.23555 4.6419 4.921766 2.719165 35.82625
6.070376 75.4279 5.663503 5.593049 5.047172 35.53177
4.549884 74.74646 3.096466 6.420029 7.003151 35.87588
3.264589 75.13016 4.885442 4.673409 3.03558 33.0641
3.770271 78.1005 5.430112 4.247757 4.455504 35.04869
5.454216 77.24348 7.127354 6.393995 6.187039 34.00538
4.380482 75.88839 5.302474 1.678924 6.47257 34.26223
6.030275 75.83757 6.21858 5.173973 5.862884 34.09495
3.86016 74.98599 4.550021 3.166519 5.219 34.87488
6.840697 76.57496 6.888145 5.263047 3.008409 35.03073
6.147397 75.41348 3.385542 4.247751 2.312978 36.52891
4.498767 74.0883 5.052909 3.468479 2.411383 34.30006
4.802899 73.02057 5.979071 5.254548 6.48637 33.87568
5.232986 74.23971 6.174958 4.335234 5.598749 29.40962
4.519026 74.66576 4.263042 3.998417 5.548956 35.76143
2.351857 74.65521 4.181684 4.762773 4.657609 33.93477
5.050372 72.47084 4.957243 6.093945 3.330611 35.68491
4.250713 73.86222 3.188231 4.132678 7.206316 31.23627
3.975766 75.79965 6.216987 6.165358 5.190354 36.10858
4.166383 75.30529 5.200603 6.230205 6.125692 34.7028
5.644964 75.56434 2.981374 5.013133 4.55889 36.60033
5.478056 76.6385 6.448938 5.295653 5.753268 32.59703
1.942524 74.40502 6.717558 5.032279 3.50141 35.34525
4.258135 75.49096 3.215491 7.185947 5.877703 33.77393
4.512671 75.94214 6.958013 6.88664 5.546558 33.42496
4.113576 74.10472 5.776915 3.80007 6.47021 36.01274
6.05127 73.88887 6.093108 5.968771 4.493022 33.46841
5.033712 75.26327 4.070011 3.340252 5.815338 34.66722
4.953997 76.14827 6.308033 7.334635 6.716037 34.8549
6.713472 76.75929 5.475366 5.581335 1.992125 34.3115
7.010363 76.03287 3.981931 5.857483 4.82861 34.39801
5.245483 75.47118 5.275474 3.669868 3.544659 34.52757
2.697232 73.37719 4.852216 2.985306 3.426854 35.36129
6.880651 74.95788 3.987478 7.19688 3.99292 35.56348
5.099244 75.25529 2.968877 6.11916 5.621997 37.96108
4.246797 74.88814 6.273891 7.260501 5.897982 34.41252
4.878981 73.92524 6.74058 5.708905 5.074689 35.00633
5.145618 76.47655 7.060998 6.700445 4.382602 33.26386
7.919985 75.61669 4.102196 5.219936 8.398535 34.55969
5.441134 4.038056 35.73434 3.802238 3.539424 72.106
4.097269 5.279761 34.20677 5.683566 6.655812 76.50877
2.963319 6.48713 34.62494 6.368024 5.946843 74.13377
3.527213 4.132893 36.76952 6.25434 6.901109 73.72782
5.96765 4.146716 36.49317 4.903926 5.506898 74.17657
6.023202 4.251348 34.02825 2.0938 6.981349 75.97412
3.266318 4.650246 36.8836 4.605783 6.643786 76.60516
5.361296 4.197561 35.2576 6.433307 7.23363 75.6967
5.723184 4.938599 38.28419 3.343905 6.550287 76.06466
5.179165 5.167239 35.75061 4.646226 4.874524 75.33775
4.841644 7.421254 34.71521 5.460564 7.510819 75.36461
5.748858 4.05964 34.53442 7.28002 4.46929 73.74204
6.028434 5.351791 36.2249 6.817168 5.081062 74.41705
2.638744 7.586548 35.89919 4.607422 5.18887 74.54278
6.261481 5.373396 35.12108 4.735271 5.670499 74.22625
5.11253 4.296833 34.2511 6.493904 4.560893 75.03537
6.548248 4.528665 33.78548 5.202264 5.909426 73.65011
6.52575 7.849466 35.31794 6.818157 8.005652 78.05415
1.388335 4.020421 35.44284 2.052655 5.590545 71.26795
4.200241 5.011578 33.19937 6.703848 3.409036 74.51873
4.491133 5.123968 35.31071 5.28999 5.852384 75.06564
4.023512 4.89632 34.75268 5.001042 5.862656 73.42099
3.121114 7.249803 33.9314 5.116634 6.206001 76.68194
4.264096 4.103346 34.47412 6.051174 5.843148 74.11765
4.377926 5.461567 34.54357 7.782394 2.93304 74.55556
5.870875 6.428302 32.48328 3.027974 4.124539 76.36352
2.23422 6.052367 37.44394 3.657528 4.54401 75.97457
5.682462 2.967654 33.47669 3.373879 5.21003 74.35471
4.204078 4.944611 35.69653 4.627993 5.708484 74.26182
5.533271 1.95495 33.76751 3.931258 4.852246 74.70081
1.446825 5.877667 35.00012 5.125508 3.994161 72.59902
3.398672 6.638389 34.51684 3.838521 7.127426 74.9441
5.137623 4.990338 35.48321 3.289558 2.58734 75.69168
8.698667 6.077893 34.61073 2.658742 2.602017 74.04155
7.326753 7.250564 34.1312 4.435185 6.188316 74.92176
5.408602 4.631231 34.34743 3.859644 5.335468 75.77063
7.029703 6.47709 34.86703 3.953164 5.471368 76.15039
4.363367 4.393157 37.25612 5.52408 6.711731 75.23512
2.992192 3.731458 34.65833 5.071663 7.61134 74.91364
6.346766 7.153799 37.56942 8.245884 4.751483 74.02269
6.866551 5.792054 34.95293 5.550949 4.079556 76.62103
6.652638 6.167856 35.06391 4.461336 4.175474 76.46303
4.100745 4.087477 33.64494 2.816455 4.766399 75.00764
5.684442 3.750844 34.17459 3.099531 4.261353 74.41204
5.545007 7.684269 34.3397 3.057257 4.281844 74.6958
3.191336 4.200628 35.28966 4.423466 5.616266 75.36281
6.472907 5.348754 37.22618 2.658323 6.657858 75.18339
3.277401 4.096416 37.75557 6.097192 8.400982 76.4334
3.037001 3.758986 33.93146 6.514779 5.292159 75.02377
4.428379 3.586315 34.55273 7.504266 6.060346 71.14465
3.835705 6.023691 32.70314 5.034615 6.622027 73.94266
3.782839 4.585611 34.09483 4.45955 4.386328 74.97627
3.950573 5.559974 33.80419 3.714962 4.83502 75.79685
6.805092 1.831983 35.14698 7.04155 5.574105 75.99824
6.418302 4.916097 35.76555 5.162383 2.798005 72.31042
6.205436 7.221422 33.1881 4.401685 1.053997 75.49532
6.471232 5.288523 35.07486 6.063912 6.617444 73.00701
6.578194 5.055766 33.6013 6.831986 5.24687 76.2056
4.924211 4.762422 34.71577 4.521571 7.299074 74.31863
5.15101 5.519422 34.94562 4.96083 3.831944 77.88902
6.40561 5.565175 33.87323 7.656439 7.089787 73.92149
3.462453 4.726365 34.8409 7.073492 5.563354 78.15299
4.262679 5.008277 32.99338 4.063585 5.546264 73.92801
6.009939 3.094968 37.17857 5.401772 3.656401 74.32657
5.137648 5.409539 35.55055 6.60269 5.467963 72.9599
2.668953 4.481571 34.56319 2.382786 3.397705 74.49839
3.659435 2.689237 33.04579 7.021308 5.361885 75.02328
4.939407 2.501088 35.59255 6.763131 3.01388 76.17829
6.229247 5.257563 35.04031 6.373504 4.736816 73.71663
3.192434 5.845886 34.71893 3.75555 4.144111 76.20848
5.836802 4.724722 35.38712 5.284032 4.73048 74.94568
3.264618 5.012028 34.17656 4.979385 4.354092 75.20026
7.674053 2.502619 33.94867 5.909039 4.860129 74.46549
5.497325 4.790172 32.93687 5.305138 2.594075 74.47141
4.083719 3.392831 35.71849 2.942333 4.388658 75.36021
3.370684 5.242276 37.75129 5.241777 2.555643 75.64003
5.029976 2.769144 34.7624 5.21931 4.193278 74.60431
3.797319 4.114825 34.98607 4.271872 3.726141 73.74223
4.470675 3.970159 36.53209 5.359888 5.957901 76.52424
5.614038 5.86479 34.81648 8.161831 1.91113 77.0275
4.413604 3.834384 35.95592 4.988648 4.324059 71.78228
5.703519 3.744987 35.41731 4.946177 6.034498 76.30237
5.313599 4.82237 35.97319 5.492891 9.075197 74.11175
3.039711 3.555613 32.94131 5.088265 5.945208 73.28373
6.949869 5.020019 35.60536 3.951847 6.858274 74.73597
3.953632 6.476147 36.64001 4.97747 6.713817 73.84638
5.244421 5.287831 34.84305 5.956058 7.115733 75.48502
6.577553 6.948376 34.83608 6.065711 3.030541 76.45375
4.141836 4.916657 32.07328 2.840295 8.429138 74.67219
6.022919 5.362082 35.40705 3.759679 4.536255 75.10042
4.752641 4.550411 34.7993 5.5731 5.811074 72.92677
3.786812 6.278346 34.92819 4.88252 4.225959 74.29386
4.040945 7.268539 30.84202 7.279801 3.551669 75.59946
3.675082 5.644138 33.69912 3.856101 2.423825 72.53462
6.456211 4.118347 35.10361 5.12197 4.682712 74.59003
6.596831 3.354607 35.21933 5.889154 3.330557 75.1668
8.061007 3.115621 36.27702 4.185226 4.201023 76.95063
4.860527 5.335275 34.67353 6.583118 6.66183 73.05416
3.017332 5.463831 36.62014 4.019591 6.372342 74.91544
2.498928 2.098668 34.14881 4.476692 5.388018 74.91255
35.89091 74.25409 35.82543 5.615921 4.939917 3.48815
32.98888 74.28907 34.47549 4.102996 3.546431 5.932824
34.15745 75.1965 34.98006 6.624752 5.097884 5.101606
35.38909 75.12335 33.21002 5.94404 5.718698 6.16313
36.03298 74.11567 34.36299 2.666982 5.040205 4.862224
36.25973 76.41776 37.27532 5.932389 7.469546 5.68202
35.42054 74.37044 35.05144 3.518287 7.475509 3.961297
34.98632 71.789 35.79842 2.257066 4.047298 2.273664
33.96332 74.26128 36.01882 0.4854889 4.389858 4.667163
34.51098 74.09646 33.97548 5.792392 6.148735 3.652728
35.39016 72.67014 33.48018 4.646165 6.476002 5.783729
37.20062 70.47157 36.13218 8.436204 4.507446 6.172594
33.86729 73.22279 35.55087 6.539996 5.469189 6.407979
32.39122 75.88035 35.77784 5.047967 6.029522 5.400535
35.91257 74.59373 35.90776 4.964885 5.552868 4.781892
34.97873 76.66223 36.5798 3.081756 2.73772 4.343149
35.4483 74.46248 35.61676 6.716121 4.628466 5.491782
35.93386 77.5051 35.60079 6.026344 4.261297 5.907505
36.23206 75.28201 35.68268 3.919597 2.619557 3.838027
34.92158 73.18658 37.53694 4.259823 3.11622 2.597085
34.51118 75.42463 34.85304 2.803727 4.98397 5.765516
33.51859 71.96662 37.43932 5.17794 5.590901 4.96769
37.30448 74.08809 36.55813 4.262874 4.880143 5.175286
33.58625 74.108 35.74559 5.883669 5.192927 3.122209
32.94785 74.88662 35.98234 4.429886 4.989617 5.582987
34.87109 74.53775 38.22568 3.915599 5.974745 6.557316
35.65726 75.69293 34.6478 5.812792 2.475107 6.104341
35.998 74.74694 36.43835 5.992974 8.210544 0.6625884
34.35156 72.32608 34.10488 1.591683 3.131408 5.461206
33.8432 75.24063 34.23144 5.685924 6.543421 5.596205
35.28715 74.00035 34.39472 4.904299 2.385562 3.995372
38.26624 73.96612 35.51715 3.100866 4.387504 3.80368
37.24061 73.73437 35.30534 5.252877 5.404947 4.446952
36.61895 74.85693 30.21855 3.514347 5.271775 6.10178
32.67296 73.97608 33.72269 5.250254 3.597469 6.186622
33.58507 74.99353 32.71812 3.243176 3.528353 6.348955
36.06902 72.05035 35.39975 6.467957 4.294512 3.547117
35.27598 75.6649 34.75554 4.185406 3.066401 5.664475
34.12355 75.79563 32.73397 5.339563 5.611383 5.421881
34.27181 74.45731 36.29119 6.32679 6.908341 4.271088
35.53079 73.71637 35.34408 3.522392 6.212665 6.758055
34.97633 74.87799 33.72868 6.290737 5.312252 4.124971
37.92834 75.85484 36.12651 3.209719 4.38987 3.859062
35.2521 72.88515 33.45556 6.772074 4.065882 5.231475
34.57149 76.17111 37.38618 3.320825 5.258161 4.938729
36.89843 74.35133 36.01688 6.99264 5.403057 3.263123
35.60572 74.01851 33.57018 4.574475 5.934821 5.460202
35.74239 75.18924 33.4125 3.680636 4.564504 5.082282
34.26381 76.46632 36.46118 6.384843 3.694613 5.504444
35.21139 75.61424 36.30016 6.005203 6.048423 5.215409
36.56769 77.05429 36.28215 2.89999 3.822679 4.692611
35.24359 73.03226 33.503 4.241988 5.573124 4.961266
34.94183 75.79838 35.50089 6.769558 5.195927 5.012126
33.76022 74.09264 35.31883 5.823474 6.614732 5.526966
34.63435 74.36475 36.09553 4.45432 5.116814 5.755473
36.64754 71.51518 35.15662 1.198375 5.155361 3.602025
35.86378 76.06313 35.58392 3.743816 5.915276 5.189272
37.3098 73.02335 33.94066 2.520055 6.019765 5.040871
33.69438 76.61827 37.62114 3.396465 3.071937 1.916186
34.6361 77.37844 35.71884 4.950953 3.861968 6.358931
36.61445 74.49588 36.76231 4.869851 4.440615 3.31969
32.76673 77.33181 35.43577 2.13705 8.667027 6.587825
35.69523 74.88209 34.94034 6.612904 2.771955 6.244754
38.14065 74.38336 35.1756 3.941221 5.026973 1.878243
35.25296 74.72826 34.24681 4.98803 8.767923 4.349008
36.54579 76.50222 37.48696 3.895526 3.691294 0.837518
38.44319 73.78604 33.90051 3.848509 4.584465 4.5876
33.54971 76.97382 33.89859 6.403328 6.339244 3.216628
35.61088 76.76291 37.35672 5.940656 4.997619 4.31078
33.94758 73.19782 33.58678 2.621574 3.454831 4.613913
34.20059 73.82665 36.25912 3.310911 6.013254 3.459959
33.71419 76.01349 34.06809 6.173314 6.005465 2.209423
34.96724 76.76823 35.43975 3.708165 5.917935 7.519571
36.22841 74.51411 37.54396 5.48358 3.42241 5.747349
35.05377 73.64975 35.67307 5.810181 3.890646 8.553214
36.04882 76.79977 34.2947 6.379414 5.03775 2.443356
36.18496 75.65892 36.55103 6.78338 1.661126 6.320722
33.17044 75.6932 35.978 6.769357 2.124522 5.751589
35.61675 73.09704 34.5828 5.687364 5.171108 6.044216
35.76809 74.32798 34.43198 6.379285 6.580072 4.94112
34.28972 73.44953 36.56876 5.250623 4.942679 5.189128
36.78462 74.60852 35.74163 6.088685 4.817304 4.427697
37.44179 75.20111 35.11395 4.317315 6.703734 2.891626
36.54425 74.46206 36.2942 4.231156 7.95398 6.291725
35.47494 75.92717 35.59332 6.863926 5.387201 2.734435
33.09903 74.06526 33.36837 4.041267 5.205604 6.845878
34.88522 76.71647 34.92553 2.834107 4.960153 4.039378
37.49323 75.76712 35.5528 5.40808 3.970359 6.515868
36.56927 77.75726 35.80367 3.616083 6.496698 4.459663
35.10805 76.79315 36.6793 4.86541 4.261998 4.769229
35.32834 73.83206 36.05476 5.447487 3.661145 6.182924
36.05748 77.10343 37.2019 5.377257 3.314988 6.544691
34.33247 76.73184 33.64047 6.904703 1.958582 5.899926
35.16293 74.63359 36.97839 7.977677 4.456918 2.910612
35.27893 75.33867 31.55685 3.055644 4.747966 6.005807
38.93732 74.58902 34.64376 3.725477 6.090138 4.259427
33.76585 75.30099 35.04636 3.854652 4.860262 5.112949
35.54575 75.90053 35.75174 8.748947 3.042131 2.867333
34.31856 74.09857 33.71769 3.356157 2.874502 5.68028
36.37198 75.63643 34.63496 4.202363 4.281613 5.783783
